
import jax.numpy as jnp
from gp_utilities import chol_decomp

if __name__ == "__main__":
    A = jnp.array([[6.251496 , 6.242036 , 6.2137413, 6.1926045, 6.1668687, 6.1365914],
       [6.242036 , 6.251496 , 6.242036 , 6.230231 , 6.2137413, 6.1926045],
       [6.2137413, 6.242036 , 6.251496 , 6.2491293, 6.242036 , 6.230231 ],
       [6.1926045, 6.230231 , 6.2491293, 6.251496 , 6.2491293, 6.242036 ],
       [6.1668687, 6.2137413, 6.242036 , 6.2491293, 6.251496 , 6.2491293],
       [6.1365914, 6.1926045, 6.230231 , 6.242036 , 6.2491293, 6.251496 ]])
    chol_decomp(A)